Move (1,3) (2,4)
Move (2,6) (1,5)
Move (3,3) (4,4)
Move (1,5) (3,3)
Move (4,4) (3,5)
Move (8,6) (7,5)
Move (3,5) (4,4)
Move (7,5) (6,4)
Move (2,2) (1,3)
Move (7,7) (8,6)
Move (1,3) (2,4)
Move (6,8) (7,7)
Move (1,1) (2,2)
Move (3,3) (1,1)
Move (3,1) (2,2)
Move (1,1) (3,3)
Move (2,4) (3,5)
Move (3,3) (5,5)
Move (4,2) (3,3)
Move (6,4) (4,2)
Move (6,2) (5,3)
Move (4,2) (3,1)
Move (7,1) (6,2)
Move (3,7) (2,6)
Move (7,3) (8,4)
Move (2,6) (1,5)
Move (5,3) (4,4)
Move (4,8) (3,7)
Move (8,2) (7,3)
Move (3,7) (2,6)
Move (1,5) (2,4)
Move (7,3) (6,4)
Move (2,6) (1,5)
Move (3,5) (2,6)
Move (2,4) (1,3)
Move (2,6) (3,7)
Move (1,7) (2,6)
Move (3,7) (4,8)
Move (6,2) (5,3)
